0 0.24716981132075472 0.627245508982036 0.07547169811320754 0.1287425149700599
0 0.36415094339622645 0.5868263473053893 0.06037735849056604 0.11377245508982037
0 0.39811320754716983 0.7574850299401198 0.2 0.29940119760479045
0 0.5169811320754717 0.6616766467065869 0.09433962264150944 0.1317365269461078
0 0.6179245283018868 0.6407185628742516 0.07735849056603773 0.14970059880239522
0 0.15188679245283018 0.6092814371257486 0.08867924528301886 0.1347305389221557
0 0.1339622641509434 0.5224550898203593 0.06415094339622641 0.10479041916167665
0 0.057547169811320756 0.5883233532934132 0.10377358490566038 0.20059880239520958
0 0.035849056603773584 0.6781437125748503 0.06415094339622641 0.18263473053892218
0 0.6839622641509434 0.7095808383233534 0.06981132075471698 0.125748502994012
0 0.75 0.6931137724550899 0.07735849056603773 0.12275449101796408
0 0.7575471698113208 0.6122754491017964 0.04716981132075472 0.09281437125748504
0 0.8518867924528302 0.7350299401197605 0.13018867924528302 0.23652694610778444
0 0.9245283018867925 0.7410179640718564 0.10566037735849057 0.26646706586826346
0 0.5349056603773585 0.5673652694610779 0.02830188679245283 0.04491017964071856
