0 0.2911290322580645 0.5833333333333334 0.21774193548387097 0.435483870967742
0 0.5008064516129033 0.5846774193548387 0.20161290322580644 0.5564516129032259
0 0.7161290322580646 0.8508064516129032 0.38387096774193546 0.29301075268817206
0 0.7088709677419355 0.6653225806451614 0.23387096774193547 0.28763440860215056
0 0.8685483870967742 0.6303763440860215 0.2564516129032258 0.728494623655914
0 0.6725806451612903 0.4005376344086022 0.1774193548387097 0.3010752688172043
0 0.6419354838709678 0.26075268817204306 0.15806451612903225 0.3010752688172043
0 0.5338709677419354 0.21639784946236562 0.16451612903225807 0.3198924731182796
0 0.4443548387096774 0.19758064516129034 0.1629032258064516 0.3951612903225807
0 0.325 0.22177419354838712 0.1629032258064516 0.43817204301075274
