0 0.34375 0.17636022514071295 0.06 0.1425891181988743
0 0.4425 0.19793621013133209 0.06 0.12195121951219512
0 0.604375 0.19418386491557224 0.05625 0.13696060037523453
0 0.65125 0.19793621013133209 0.0375 0.09193245778611632
0 0.711875 0.21857410881801126 0.06125 0.15196998123827393
0 0.7675000000000001 0.21575984990619138 0.0525 0.150093808630394
0 0.8718750000000001 0.42026266416510316 0.06375 0.11632270168855535
0 0.58875 0.36679174484052535 0.1125 0.21575984990619138
0 0.633125 0.8545966228893058 0.14125000000000001 0.23452157598499063
0 0.22625 0.5975609756097561 0.2675 0.699812382739212
