0 0.163125 0.6626794258373205 0.18875 0.6555023923444976
0 0.32 0.6686602870813397 0.2675 0.638755980861244
0 0.479375 0.6483253588516746 0.28125 0.708133971291866
0 0.506875 0.30143540669856456 0.12625 0.2966507177033493
0 0.635 0.6650717703349283 0.23750000000000002 0.6459330143540669
0 0.713125 0.49760765550239233 0.10625 0.354066985645933
0 0.869375 0.6973684210526315 0.25625 0.6100478468899522
0 0.785625 0.7703349282296651 0.10625 0.2248803827751196
0 0.850625 0.36363636363636365 0.27625 0.4401913875598086
0 0.639375 0.33014354066985646 0.11875000000000001 0.21052631578947367
0 0.633125 0.19617224880382775 0.14875 0.21052631578947367
0 0.55875 0.11004784688995214 0.1375 0.2200956937799043
0 0.44625000000000004 0.14593301435406697 0.1675 0.2535885167464115
0 0.34875 0.31339712918660284 0.15 0.23444976076555024
0 0.193125 0.2763157894736842 0.17625 0.22248803827751196
