0 0.206875 0.4606741573033708 0.29875 0.391653290529695
0 0.35875 0.43418940609951845 0.14250000000000002 0.2841091492776886
0 0.506875 0.637239165329053 0.91125 0.6452648475120385
0 0.75625 0.31219903691813805 0.08 0.07223113964686999
0 0.7025 0.25280898876404495 0.0725 0.08828250401284109
0 0.636875 0.26565008025682185 0.03875 0.04012841091492777
0 0.586875 0.2568218298555377 0.04625 0.048154093097913325
0 0.54125 0.25120385232744785 0.06 0.04333868378812199
0 0.4425 0.2608346709470305 0.1075 0.07865168539325842
0 0.33375 0.2736757624398074 0.08750000000000001 0.0593900481540931
0 0.7125 0.1709470304975923 0.05 0.07223113964686999
0 0.8462500000000001 0.2752808988764045 0.105 0.1332263242375602
0 0.94625 0.2857142857142857 0.085 0.10914927768860352
