0 0.1475 0.5309568480300187 0.0775 0.10881801125703565
0 0.084375 0.49624765478424016 0.06125 0.08818011257035648
0 0.395625 0.46904315196998125 0.05625 0.07129455909943715
0 0.5700000000000001 0.4437148217636023 0.0325 0.08442776735459662
0 0.685 0.4437148217636023 0.0375 0.06191369606003752
0 0.68875 0.699812382739212 0.1575 0.1125703564727955
0 0.770625 0.6454033771106942 0.19125 0.1951219512195122
0 0.54 0.5572232645403377 0.0625 0.11632270168855535
0 0.43875000000000003 0.6894934333958724 0.2625 0.275797373358349
0 0.8143750000000001 0.5037523452157598 0.051250000000000004 0.058161350844277676
0 0.82625 0.43621013133208253 0.0425 0.08442776735459662
0 0.78625 0.4099437148217636 0.0425 0.09193245778611632
0 0.855625 0.47842401500938087 0.051250000000000004 0.052532833020637895
0 0.40125 0.574108818011257 0.0725 0.0900562851782364
0 0.33187500000000003 0.3302063789868668 0.02875 0.0600375234521576
